0 0.241270 0.490625 0.107937 0.768750
0 0.355556 0.490625 0.120635 0.806250
0 0.490476 0.503125 0.149206 0.918750
0 0.623810 0.490625 0.111111 0.831250
0 0.739683 0.490625 0.114286 0.768750
2 0.252381 0.146875 0.060317 0.068750
2 0.363492 0.131250 0.073016 0.075000
2 0.485714 0.096875 0.082540 0.093750
2 0.615873 0.131250 0.069841 0.087500
2 0.728571 0.153125 0.066667 0.068750
1 0.238095 0.450000 0.107937 0.137500
1 0.357143 0.456250 0.117460 0.150000
1 0.493651 0.465625 0.149206 0.181250
1 0.628571 0.459375 0.114286 0.168750
1 0.738095 0.456250 0.111111 0.150000
