0 0.156364 0.603825 0.152727 0.737705
0 0.325455 0.549180 0.156364 0.868852
0 0.498182 0.535519 0.167273 0.907104
0 0.672727 0.538251 0.160000 0.857923
0 0.845455 0.554645 0.156364 0.825137
2 0.158182 0.273224 0.069091 0.065574
2 0.321818 0.155738 0.076364 0.071038
2 0.498182 0.122951 0.080000 0.071038
2 0.672727 0.147541 0.080000 0.076503
2 0.840000 0.180328 0.072727 0.065574
1 0.158182 0.647541 0.149091 0.355191
1 0.325455 0.505464 0.156364 0.180328
1 0.503636 0.500000 0.163636 0.180328
1 0.674545 0.489071 0.156364 0.180328
1 0.845455 0.524590 0.149091 0.185792
