0 0.083333 0.521739 0.107843 0.898551
3 0.078431 0.115942 0.035948 0.014493
3 0.217320 0.134058 0.035948 0.014493
3 0.352124 0.268116 0.070261 0.021739
3 0.475490 0.268116 0.068627 0.021739
3 0.609477 0.259058 0.055556 0.018116
3 0.760621 0.086957 0.040850 0.014493
3 0.915850 0.094203 0.037582 0.014493
2 0.080882 0.090580 0.040850 0.036232
2 0.217320 0.103261 0.039216 0.032609
2 0.352124 0.231884 0.073529 0.050725
2 0.476307 0.228261 0.066993 0.050725
2 0.610294 0.228261 0.057190 0.043478
2 0.760621 0.063406 0.044118 0.032609
2 0.914216 0.065217 0.044118 0.036232
0 0.218954 0.519928 0.101307 0.873188
0 0.351307 0.576087 0.098039 0.746377
0 0.477941 0.583333 0.109477 0.753623
0 0.608660 0.581522 0.116013 0.742754
0 0.763072 0.501812 0.114379 0.916667
0 0.917484 0.501812 0.122549 0.909420
