2 0.166978 0.524510 0.054104 0.026144
2 0.367537 0.525327 0.055970 0.024510
2 0.569963 0.526144 0.057836 0.026144
2 0.822761 0.507353 0.119403 0.073529
2 0.193097 0.067810 0.106343 0.060458
2 0.405784 0.191993 0.057836 0.027778
2 0.569963 0.089869 0.057836 0.035948
2 0.712687 0.085784 0.055970 0.021242
2 0.859142 0.084150 0.057836 0.024510
3 0.712687 0.102124 0.048507 0.008170
3 0.858209 0.100490 0.059701 0.011438
0 0.196828 0.233660 0.199627 0.388889
0 0.403918 0.304739 0.110075 0.250000
0 0.569963 0.251634 0.117537 0.356209
0 0.712687 0.252451 0.108209 0.357843
0 0.857276 0.255719 0.117537 0.357843
0 0.166978 0.732843 0.143657 0.436275
0 0.368470 0.733660 0.139925 0.437908
0 0.569963 0.734477 0.139925 0.439542
0 0.819030 0.712418 0.235075 0.477124
